80 80
81 81
79 79

# Gliders

3 40
3 42
4 41
4 42
5 41

1 0
2 1
0 2
1 2
2 2

10 10
11 11
9 12
10 12
11 12

# Blinker (Oscillator)
20 20
21 20
22 20

# Toad (Oscillator)
30 30
31 30
32 30
31 31
32 31
33 31

# Beacon (Oscillator)
40 40
41 40
40 41
41 41
42 42
43 42
42 43
43 43

# Pulsar (Oscillator)
60 58
61 58
62 58
66 58
67 58
68 58

58 60
63 60
65 60
70 60

58 61
63 61
65 61
70 61

58 62
63 62
65 62
70 62

60 63
61 63
62 63
66 63
67 63
68 63

60 65
61 65
62 65
66 65
67 65
68 65

58 66
63 66
65 66
70 66

58 67
63 67
65 67
70 67

58 68
63 68
65 68
70 68

60 70
61 70
62 70
66 70
67 70
68 70

# Lightweight Spaceship (Glider)
80 80
81 80
82 80
83 80
80 81
83 81
83 82
81 83


